All edges are length 1 (I think)

Tetrahedron:
-0.353553390593273 -0.353553390593273 -0.353553390593273
0.353553390593273 -0.353553390593273 0.353553390593273
-0.353553390593273 0.353553390593273 0.353553390593273
0.353553390593273 0.353553390593273 -0.353553390593273

Cube:
-0.5 -0.5 -0.5
-0.5 -0.5 0.5
-0.5 0.5 -0.5
-0.5 0.5 0.5
0.5 -0.5 -0.5
0.5 -0.5 0.5
0.5 0.5 -0.5
0.5 0.5 0.5

Octahedron:
0.0 0.0 0.7071067811865475
0.0 0.0 -0.7071067811865475
0.0 0.7071067811865475 0.0
0.0 -0.7071067811865475 0.0
0.7071067811865475 0.0 0.0
-0.7071067811865475 0.0 0.0


Dodecahedron:
https://ideone.com/I1ThbB

0.0 0.0 0.9510565382188727
0.8506508366990473 0.0 0.42532539650493106
0.26286556481927387 0.8090170213345534 0.42532539650493106
-0.6881909831687975 0.500000016661953 0.42532539650493106
-0.6881909831687976 -0.5000000166619528 0.42532539650493106
0.26286556481927364 -0.8090170213345536 0.42532539650493106
0.6881909831687976 0.5000000166619529 -0.42532539650493106
-0.26286556481927376 0.8090170213345536 -0.42532539650493106
-0.8506508366990473 1.0417468243555061E-16 -0.42532539650493106
-0.262865564819274 -0.8090170213345534 -0.42532539650493106
0.6881909831687975 -0.500000016661953 -0.42532539650493106
0.0 0.0 -0.9510565382188727


Icosahedron
https://ideone.com/hsp9ya

0.8506509438397194 0.0 1.113516704552101
0.2628655979275623 0.8090171232313879 1.113516704552101
-0.688191069847422 0.5000000796376599 1.113516704552101
-0.688191069847422 -0.5000000796376598 1.113516704552101
0.2628655979275621 -0.8090171232313879 1.113516704552101
1.3763822641114596 0.0 0.26286563604128343
0.42532551036670835 1.3090173211962808 0.26286563604128343
-1.1135166424224379 0.8090171963616399 0.26286563604128343
-1.113516642422438 -0.8090171963616396 0.26286563604128343
0.42532551036670807 -1.3090173211962808 0.26286563604128343
1.113516642422438 0.8090171963616397 -0.26286563604128343
-0.42532551036670824 1.3090173211962808 -0.26286563604128343
-1.3763822641114596 1.685582134147286E-16 -0.26286563604128343
-0.4253255103667085 -1.3090173211962808 -0.26286563604128343
1.1135166424224379 -0.80901719636164 -0.26286563604128343
0.688191069847422 0.5000000796376599 -1.113516704552101
-0.2628655979275622 0.8090171232313879 -1.113516704552101
-0.8506509438397194 1.0417469555649873E-16 -1.113516704552101
-0.26286559792756237 -0.8090171232313879 -1.113516704552101
0.688191069847422 -0.50000007963766 -1.113516704552101
